Danh sách linh kiện LEGO:
--------------------------------
2340,
2357,
2412,
2417,
2420,
2431,
2445,
2449,
2450,
2453,
2454,
2465,
2540,
2577,
2921,
3001,
3002,
3003,
3004,
3005,
3006,
3008,
3009,
3010,
3020,
3021,
3022,
3023,
3024,
3030,
3031,
3032,
3033,
3034,
3035,
3036,
3037,
3038,
3039,
3040,
3044,
3045,
3046,
3062,
3066,
3068,
3069,
3070,
3245,
3297,
3298,
3460,
3622,
3623,
3626,
3633,
3659,
3660,
3665,
3666,
3675,
3676,
3678,
3685,
3688,
3700,
3710,
3741,
3747,
3795,
3814,
3815,
3816,
3817,
3818,
3819,
3820,
3821,
3822,
3823,
3828,
3829,
3832,
3838,
3839,
3878,
3943,
3956,
3958,
3960,
4032,
4035,
4070,
4081,
4085,
4094,
4150,
4161,
4162,
4216,
4275,
4276,
4282,
4285,
4286,
4287,
4341,
4349,
4445,
4460,
4477,
4490,
4495,
4510,
4515,
4590,
4592,
4593,
4598,
4600,
4733,
4740,
4861,
4865,
4871,
6064,
6081,
6082,
6091,
6111,
6141,
6143 Modified Decoration Surfaces,
6143,
6148,
6177,
6179,
6180,
6182,
6183,
6231,
6254,
6269,
6541,
6564,
6565,
6636,
10202,
10314,
10885,
11062,
11090,
11153,
11203,
11211,
11212,
11213,
11215,
11477,
11609,
11833,
13547,
13548,
13965,
14395,
14716,
14719,
14769,
14918,
15068,
15070,
15208,
15209,
15254,
15332,
15429,
15533,
15535,
15571,
15573,
15706,
15712,
16577,
17485,
18041,
18649,
18653,
18671,
18674,
18841,
18980,
19121,
19798,
20086,
20310,
21229,
22885,
22886,
22888,
22889,
23949,
23996,
24201,
24246,
24299,
24307,
24309,
24866,
24947,
25214,
25269,
26047,
26601,
26603,
26604,
27261,
27263,
27507,
27925,
28192,
30099,
30103,
30134,
30136,
30137,
30145,
30150,
30165,
30176,
30357,
30374,
30385,
30413,
30414,
30562,
31577,
32000,
32028,
32474,
32607,
32802,
32803,
32807,
32952,
33051,
33078,
33085,
33183,
33291,
33320,
33492,
33909,
34103,
35165,
35254,
35274,
35275,
35277,
35278,
35282,
35371,
35380,
35382,
35386,
35388,
35389,
35442,
35443,
35446,
35464,
35480,
35563,
35743,
35787,
36840,
36841,
37352,
37993,
38583,
39613,
39739,
41539,
41682,
41747,
41748,
41762,
41770,
41854,
41862,
41948,
43439,
43710,
43711,
43722,
43723,
43888,
43898,
43979,
44237,
44375,
44674,
44728,
46342,
47457,
48002,
48336,
49307,
49309,
49311,
49612,
50304,
50305,
50746,
50950,
51270,
52107,
52501,
53119,
55236,
59349,
59900,
60474,
60478,
60479,
60481,
60581,
60592,
60593,
60596,
61072,
61345,
61409,
61975,
63864,
64644,
64648,
64951,
67338,
72454,
74698,
75937,
85080,
85861,
85975,
85984,
86500,
87079,
87087,
87580,
87609,
87620,
88072,
88292,
88293,
88646,
88930,
89523,
90498,
92593,
92903,
92926,
92946,
92947,
92950,
93160,
93273,
93606,
93888,
95188,
95342,
95347,
95820,
98100,
98138,
98283,
98560,
99206,
99207,
99563,
99780,
99781,
